cat_cow : 2491 out of 15382 - about 16.194253023013914%
cat_dog : 2496 out of 15491 - about 16.112581498934865%
cat_guinea_pig : 2477 out of 14734 - about 16.811456495181215%
cat_horse : 2553 out of 15289 - about 16.698279809013016%
cat_mouse : 2186 out of 15384 - about 14.20956838273531%
cat_pig : 2470 out of 15704 - about 15.728476821192054%
cat_rabbit : 0 out of 14073 - about 0.0%
cat_rat : 0 out of 14833 - about 0.0%
cat_sheep : 2413 out of 15317 - about 15.753737677090815%
cow_dog : 3518 out of 15436 - about 22.790878465923814%
cow_guinea_pig : 3386 out of 14836 - about 22.822863305473174%
cow_horse : 3479 out of 15430 - about 22.546986390149062%
cow_mouse : 3128 out of 15581 - about 20.075733264873886%
cow_pig : 3583 out of 15656 - about 22.885794583546243%
cow_rabbit : 0 out of 14203 - about 0.0%
cow_rat : 0 out of 14989 - about 0.0%
cow_sheep : 3474 out of 16455 - about 21.112123974475843%
dog_guinea_pig : 3323 out of 14715 - about 22.582398912674144%
dog_horse : 3402 out of 15301 - about 22.23384092542971%
dog_mouse : 2927 out of 15475 - about 18.91437802907916%
dog_pig : 3339 out of 15493 - about 21.551668495449558%
dog_rabbit : 0 out of 14146 - about 0.0%
dog_rat : 0 out of 14863 - about 0.0%
dog_sheep : 3288 out of 15405 - about 21.34371957156767%
guinea_pig_horse : 3375 out of 14714 - about 22.937338589098818%
guinea_pig_mouse : 3014 out of 15350 - about 19.635179153094462%
guinea_pig_pig : 3366 out of 14859 - about 22.652937613567534%
guinea_pig_rabbit : 0 out of 13707 - about 0.0%
guinea_pig_rat : 0 out of 14664 - about 0.0%
guinea_pig_sheep : 3221 out of 14742 - about 21.849138515805183%
horse_mouse : 3025 out of 15455 - about 19.572953736654803%
horse_pig : 3395 out of 15388 - about 22.06264621783208%
horse_rabbit : 0 out of 14192 - about 0.0%
horse_rat : 0 out of 14804 - about 0.0%
horse_sheep : 3315 out of 15355 - about 21.589058938456528%
mouse_pig : 3047 out of 15646 - about 19.474626102518215%
mouse_rabbit : 0 out of 14418 - about 0.0%
mouse_rat : 0 out of 16675 - about 0.0%
mouse_sheep : 2964 out of 15528 - about 19.08809891808346%
pig_rabbit : 0 out of 14201 - about 0.0%
pig_rat : 0 out of 15038 - about 0.0%
pig_sheep : 3316 out of 15645 - about 21.195270054330457%
rabbit_rat : 0 out of 13838 - about 0.0%
rabbit_sheep : 0 out of 14182 - about 0.0%
rat_sheep : 0 out of 14911 - about 0.0%
