cat_cow : 9208 out of 15381 - about 59.86606852610363%
cat_dog : 9313 out of 15490 - about 60.122659780503554%
cat_guinea_pig : 9233 out of 14733 - about 62.668838661508175%
cat_horse : 9397 out of 15288 - about 61.4665096807954%
cat_human : 9477 out of 15500 - about 61.14193548387097%
cat_mouse : 8939 out of 15383 - about 58.109601508158356%
cat_pig : 9250 out of 15703 - about 58.90594153983315%
cat_rabbit : 8305 out of 14072 - about 59.01790790221717%
cat_rat : 8414 out of 14832 - about 56.728694714131606%
cat_sheep : 9060 out of 15316 - about 59.15382606424654%
cow_dog : 11894 out of 15435 - about 77.05863297700033%
cow_guinea_pig : 11767 out of 14835 - about 79.31917762049208%
cow_horse : 11937 out of 15429 - about 77.36729535290686%
cow_human : 12281 out of 15641 - about 78.51799757048782%
cow_mouse : 11586 out of 15580 - about 74.36456996148908%
cow_pig : 11913 out of 15655 - about 76.09709358032578%
cow_rabbit : 10245 out of 14202 - about 72.13772708069285%
cow_rat : 10787 out of 14988 - about 71.97091006138244%
cow_sheep : 11767 out of 16454 - about 71.51452534338155%
dog_guinea_pig : 11772 out of 14714 - about 80.00543699877667%
dog_horse : 12020 out of 15300 - about 78.56209150326798%
dog_human : 12381 out of 15616 - about 79.28406762295081%
dog_mouse : 11544 out of 15474 - about 74.6025591314463%
dog_pig : 11921 out of 15492 - about 76.94939323521818%
dog_rabbit : 10265 out of 14145 - about 72.56981265464829%
dog_rat : 10790 out of 14862 - about 72.60126497106715%
dog_sheep : 11541 out of 15404 - about 74.92209815632303%
guinea_pig_horse : 11875 out of 14713 - about 80.710935907021%
guinea_pig_human : 12154 out of 15084 - about 80.57544417926279%
guinea_pig_mouse : 11734 out of 15349 - about 76.4479770669099%
guinea_pig_pig : 11706 out of 14858 - about 78.78583927850316%
guinea_pig_rabbit : 10323 out of 13706 - about 75.31737924996352%
guinea_pig_rat : 10888 out of 14663 - about 74.25492736820568%
guinea_pig_sheep : 11459 out of 14741 - about 77.73556746489383%
horse_human : 12565 out of 15552 - about 80.7934670781893%
horse_mouse : 11826 out of 15454 - about 76.52387731331694%
horse_pig : 12010 out of 15387 - about 78.05290180022097%
horse_rabbit : 10607 out of 14191 - about 74.74455640899161%
horse_rat : 10932 out of 14803 - about 73.84989529149497%
horse_sheep : 11859 out of 15354 - about 77.23720203204377%
human_mouse : 12328 out of 15996 - about 77.06926731682921%
human_pig : 12528 out of 15744 - about 79.57317073170732%
human_rabbit : 10770 out of 14339 - about 75.10984029569705%
human_rat : 11376 out of 15206 - about 74.8125739839537%
human_sheep : 12219 out of 15601 - about 78.32190244215114%
mouse_pig : 11780 out of 15645 - about 75.29562160434644%
mouse_rabbit : 10209 out of 14417 - about 70.81223555524728%
mouse_rat : 11329 out of 16674 - about 67.94410459397865%
mouse_sheep : 11501 out of 15527 - about 74.07097314355639%
pig_rabbit : 10454 out of 14200 - about 73.61971830985915%
pig_rat : 11008 out of 15037 - about 73.2060916406198%
pig_sheep : 11891 out of 15644 - about 76.00997187420097%
rabbit_rat : 9672 out of 13837 - about 69.89954469899544%
rabbit_sheep : 10392 out of 14181 - about 73.28115083562513%
rat_sheep : 10834 out of 14910 - about 72.66264252179745%
